[Layout]
P00.X=0
P00.Y=886
P01.X=1176
P01.Y=886

P02.X=0
P02.Y=0
P03.X=-24.8
P03.Y=-22.8
P04.X=+24.8
P04.Y=-22.8
P05.X=0
P05.Y=-104.3

P09.X=588
P09.Y=240

[Borders]
TOP=140
BOTTOM=240
LEFT=150
RIGHT=150

[Stepper]
MODE=4
RATIO25=0.09817477
RATIO=0.09699667318
DELAY1=1500
DELAY2=3500

[Servo]
DELAY3=300000